BAS_ID,21300,21301,21302,21303,21304,21305,21306,21307,21308,21309,21310,21311,21312,21313,21314,21315,21316,21317,21318,21319,21320,21321,21322,21323,21324,21325,21326,21327,21328,21329,21330,21331,21332,21333,21334,21335,21336,21337,21338,21339,21340,21341,21342,21343,21344,21345,21346,21347,21348,21349,21350,21351,21352,21353,21354,21355,21356,21357,21358,21359,21360,21361,21362,21363,21364,21365,21366,21367,21368,21369,21370,21371,21373,21374,21376,21377,21378,21379,21380,21381,21382,21383,21384,21385,21386,21387,21388,21389,21390,21391,21392,21393,21394,21395,21396,21397,21398,21399,21400,21401,21402,21403,21404,21405,21406,21407,21408,21409,21410,21411,21412,21413,21414,21415,21416,21417,21418,21419,21420,21421,21422,21423,21424,21425,21426,21427,21428,21429,21430,21431,21432,21433,21434,21435,21436,21437,21438,21439,21440,21441,21442,21443,21444,21445,21446,21447,21448,21449,21450,21451,21452,21453,21454,21455,21456,21457,21458,21459
21300,1.0,0.9896105254660423,0.9532338863585317,0.9811512678086314,0.938514112166923,0.9358954789117037,0.9848234765552392,0.9857568455464382,0.9577975153525989,0.9037654568253932,0.8554905009001246,0.8925696218061656,0.8728465084870978,0.8336000980988217,0.7252940679371394,0.5217588460787088,0.25542915606171535,0.020452577794335288,0.0,0.0,0.0,0.0,0.0,0.0,0.0,0.0,0.0,0.0,0.0,0.2644690377742714,0.07636818597659344,0.06244794683302465,0.2505822275348409,0.3449513939255074,0.6193051281646232,0.2752285634861021,0.05161779747611226,0.003249915912428632,0.2126275193226283,0.0,0.0,0.0,0.0,0.0,0.0,0.0,0.0,0.0,0.0,0.0,0.0,0.0,0.0,0.0,0.1821072544698291,0.0,0.0,0.0924694529383763,0.10932014919488588,0.008441801193581318,0.0,0.7823905622426562,0.7362174950279868,0.6026553204222812,0.4139629536265924,0.31314401864476704,0.2457502169007159,0.920230069619632,0.9044559513629497,0.8450487734773838,0.744322325483908,0.81665982269755,0.22445968121548265,0.08982413562568835,0.6107835565484399,0.4389425535778649,0.23464113396247457,0.12101250156226419,0.44668751445527494,0.23996995279555733,0.29420598357085725,0.2050089172271647,0.04236311903364648,0.02727444861093239,0.16720254054672484,0.023510686789866585,0.0,0.0,0.0,0.0,0.0,0.0,0.0,0.0,0.0,0.0,0.0,0.0,0.0,0.0,0.0,0.0,0.0,0.0,0.0,0.0,0.0,0.0,0.0,0.0,0.0,0.0,0.0,0.0,0.0,0.0,0.0,0.0,0.0,0.0,0.0,0.0,0.0,0.0,0.0,0.0,0.0,0.0,0.0,0.0,0.0,0.0,0.0,0.0,0.0,0.0,0.0,0.0,0.0,0.0,0.0,0.0,0.0,0.0,0.0,0.0,0.0,0.0,0.0,0.0,0.0,0.0,0.0,0.0,0.0,0.0,0.0,0.0
21301,0.9896105254660423,1.0,0.9956426733189392,0.9965778838490861,0.9851365177862763,0.9660920895567545,0.9860852222671421,0.9568427540917552,0.9142563313444081,0.9116218528855703,0.957391142907955,0.9640852888614212,0.9332064309375842,0.868812863863193,0.881409142302011,0.7413062642711785,0.5259985043323607,0.29648233473045404,0.05064124204691874,0.0,0.0,0.0,0.0,0.11895571662113351,0.0,0.0,0.0,0.0,0.08553407797082956,0.4997896395216139,0.31901287941999523,0.2792323450642073,0.4538500391652408,0.5501304435242549,0.7453813863577153,0.44781256490628346,0.24461994420021574,0.17509017633821597,0.36857880437897994,0.07830089050994972,0.0,0.0,0.0,0.0,0.0,0.0,0.0,0.0,0.0,0.0,0.0,0.0,0.0,0.0,0.317979464591898,0.12443209520073822,0.040903083760741955,0.20675116804034283,0.2111959547797374,0.08935272074200344,0.0,0.7963029257771262,0.7332782707314588,0.651393121227785,0.5088843784384004,0.40082071113584156,0.3538592588238479,0.8663625897997087,0.8113197859650814,0.8171398027339478,0.6861321839360246,0.7095733642175006,0.09763793892137541,0.0,0.5696756767155058,0.454782707587229,0.2954366455418517,0.1969619568153232,0.37155696602572474,0.17548425960581288,0.20292217760423173,0.089728651437098,0.0,0.0,0.14444108806673533,0.038536462958606285,0.0,0.0,0.0,0.0,0.0,0.0,0.0,0.0,0.0,0.0,0.0,0.0,0.0,0.0,0.0,0.0,0.0,0.0,0.0,0.0,0.0,0.0,0.0,0.0,0.0,0.0,0.0,0.0,0.0,0.0,0.0,0.0,0.0,0.0,0.0,0.0,0.0,0.0,0.0,0.0,0.0,0.0,0.0,0.0,0.0,0.0,0.0,0.0,0.0,0.0,0.0,0.0,0.0,0.0,0.0,0.0,0.0,0.0,0.0,0.0,0.0,0.0,0.0,0.0,0.0,0.0,0.0,0.0,0.0,0.0,0.0,0.0
21302,0.9532338863585317,0.9956426733189392,1.0,0.9973658083539636,0.9982531359995391,0.9844953725639705,0.9825276533895902,0.93120101705941,0.8935738318150497,0.9360253185273126,0.9933117867305387,0.9932054021077736,0.9739854883449391,0.9194825110554798,0.962438514652557,0.8840304416725792,0.7340434094926888,0.544172718651846,0.30879344295433314,0.0032304914602376534,0.0,0.0,0.0,0.37267867325953663,0.21190768419043446,0.00931846404572036,0.0,0.18061711816681894,0.33232987453688434,0.7078269644718571,0.5578974412878069,0.5146435652105366,0.6607240803397217,0.7400540000847007,0.8650558105327396,0.6439546593341504,0.4740397638447185,0.40023555920748366,0.5679708534645204,0.31847143435206043,0.2302648875005265,0.06383702025189822,0.0,0.0,0.1975045829291725,0.0,0.0,0.0,0.0,0.0,0.0,0.13307337419828927,0.04859455122629804,0.0,0.5129178727976565,0.3396239060813618,0.24169950362545994,0.39864766796967827,0.39555278803800575,0.26540027954553946,0.12940480012001712,0.8526781085392791,0.7920677206027608,0.7555386486596586,0.6598388840845428,0.5612800106720489,0.5304706404451217,0.8534038852626229,0.7732633074100016,0.8409004249120798,0.7139202565390462,0.6882823648581783,0.1258255980849466,0.0,0.629103797452699,0.5665705041255005,0.4494966648772515,0.3662875590397786,0.4276690404957659,0.24965043167295123,0.2564299541461381,0.1267291880054084,0.021522983202798305,0.0,0.24922480181694748,0.16999088472305668,0.14543303294207344,0.0,0.15149403899206587,0.03666634729643719,0.0,0.03000027871424562,0.0,0.0,0.0,0.0,0.0,0.0,0.0,0.0,0.0,0.0,0.0,0.0,0.0,0.0,0.0,0.0,0.0,0.0,0.0,0.0,0.0,0.0,0.0,0.0,0.0,0.0,0.0,0.0,0.0,0.0,0.0,0.0,0.0,0.0,0.0,0.0,0.0,0.0,0.0,0.0,0.0,0.0,0.0,0.0,0.0,0.0,0.0,0.0,0.0,0.0,0.0,0.0,0.0,0.0,0.0,0.0,0.0,0.0,0.0,0.0,0.0,0.0,0.0,0.0,0.0,0.0
21303,0.9811512678086314,0.9965778838490861,0.9973658083539636,1.0,0.997765356214781,0.994694954070559,0.9981334912903423,0.9793892860763579,0.959972709984257,0.9724015353663312,0.9800454485283807,0.9901460849734478,0.9814973930981093,0.9522266908555536,0.9351140653526437,0.8317819936621768,0.6479909152927502,0.43869720651245564,0.19283450745154657,0.0,0.0,0.0,0.0,0.291314772323753,0.13131929253999713,0.0,0.0,0.11845947492146304,0.2738036276750572,0.6523481610358608,0.48943950487156385,0.46816719837596504,0.6310751701636976,0.7075777592570096,0.8701911173079012,0.637803964208414,0.44734878092128744,0.3883746833178696,0.575112241224485,0.2767325673566972,0.19318685460652715,0.016056132622384124,0.0,0.0,0.17469559076360755,0.0,0.0,0.0,0.0,0.0,0.0,0.1249554590550211,0.05853050626124663,0.0,0.5353550736777103,0.3464294162218254,0.2682212192023928,0.4365569357225643,0.44299151680226145,0.3258376260470946,0.17380032666360704,0.9098827596133325,0.8682764878920788,0.8144217556032342,0.7040074212759753,0.6157711601979269,0.5726126684670397,0.9350544713715564,0.8868607414861369,0.9166558544006448,0.8261782509567962,0.8228788928938051,0.3060578573926521,0.1427627494911538,0.7460388646365091,0.6621911661664576,0.5251648096256417,0.43259179982184864,0.5779176835082229,0.4015943942291669,0.4209522961867475,0.30219056712216386,0.17814816795364316,0.1303552223599207,0.3790831785649088,0.2758133449287081,0.23317942333923805,0.0702506915487355,0.2245994910535896,0.09712224431648474,0.0,0.10790405485408006,0.023799589146437358,0.0,0.0,0.0,0.0,0.0,0.0,0.0,0.0,0.0,0.0,0.04464116043409147,0.0,0.0,0.0,0.0,0.0,0.0,0.0,0.0,0.0,0.0,0.0,0.0,0.0,0.0,0.0,0.0,0.0,0.0,0.0,0.0,0.0,0.0,0.0,0.0,0.0,0.0,0.0,0.0,0.0,0.0,0.0,0.0,0.0,0.0,0.0,0.0,0.0,0.0,0.0,0.0,0.0,0.0,0.0,0.0,0.0,0.0,0.0,0.0,0.0,0.0,0.0,0.0,0.0,0.0
21304,0.938514112166923,0.9851365177862763,0.9982531359995391,0.997765356214781,1.0,0.9972472526840742,0.9901556637110535,0.949190325253996,0.9300117665096382,0.9741635909203757,0.996803201365694,0.9993519232928824,0.9944728933085579,0.9683714797837321,0.9795706588081932,0.9216038943268944,0.793440655584342,0.6240795932243556,0.3995070921816752,0.0860192983618298,0.0,0.09003423463761234,0.0,0.48864717443355854,0.33414369095448637,0.12529687748827212,0.0,0.31624230491794053,0.466242175808589,0.7933305903863436,0.6628138261888662,0.638520482620164,0.7692900580667199,0.830115309380514,0.9331931040802762,0.7654528770769888,0.6130301571450809,0.5536285539770139,0.7074596912773915,0.4631471465876586,0.3810269397484752,0.2061474266893164,0.07456615334152285,0.13062163176575384,0.35650946726735544,0.12038969150973766,0.0,0.0,0.05075985661931888,0.0,0.0,0.2993937368410493,0.22070115542045962,0.1267575876593825,0.6653437899018289,0.5054202931294625,0.4195792191293294,0.5688110086695872,0.5681097538497418,0.4502233972212781,0.3142441896425359,0.9272152151711918,0.885403133630467,0.8636780818000126,0.7909515409107897,0.712730426520265,0.6849403391811015,0.9070740084284356,0.8356751640923827,0.912164106786811,0.8189474005777351,0.7791204927790972,0.2931999053105631,0.11989599462593702,0.7601249570751746,0.7176064119102248,0.6196603248572855,0.5447253010753655,0.5876864447922834,0.4287992414934059,0.42936311504801566,0.2974423841543628,0.19817524070144613,0.13417477151982068,0.43477211093419627,0.3610969303689471,0.33672257254504684,0.15884889981725053,0.34151189939440973,0.22285785263964566,0.11001994346033714,0.2182437977733796,0.1252231760393033,0.02848436644492299,0.015010739407896174,0.0,0.0,0.0,0.0,0.0,0.0,0.0,0.012614093624018304,0.08094033186995389,0.0,0.0,0.0,0.0,0.0,0.0,0.0,0.0,0.0,0.0,0.0,0.0,0.0,0.0,0.0,0.0,0.0,0.0,0.0,0.0,0.0,0.0,0.0,0.0,0.0,0.0,0.0,0.0,0.0,0.0,0.0,0.0,0.0,0.0,0.0,0.0,0.0,0.0,0.0,0.0,0.0,0.0,0.0,0.0,0.0,0.0,0.0,0.0,0.0,0.0,0.0,0.0,0.0,0.0
21305,0.9358954789117037,0.9660920895567545,0.9844953725639705,0.994694954070559,0.9972472526840742,1.0,0.99579115366556,0.9752832569373195,0.9720920423100922,0.9961898967401509,0.983619648054638,0.9963962246355544,0.9987038258371695,0.9929022506982098,0.9633002368064029,0.8970871490704122,0.7552180711574243,0.5815537130010107,0.3535930604943831,0.03764106301718335,0.0,0.06409743484064448,0.0,0.4821625957573506,0.3317175500186065,0.12170856540969238,0.0,0.3356165272956939,0.4863367100725055,0.7892735827153508,0.6596905536480613,0.6604559930144774,0.7933180885664696,0.8429495338407075,0.9558843090134811,0.8103893250750703,0.6566815116352261,0.6163900279268721,0.7710915138499104,0.5015348301940741,0.42755533090126796,0.241910450117036,0.09464902739145704,0.18450665145912307,0.41916002420229004,0.191648517116118,0.06118112284363535,0.0,0.1393058267072309,0.07054828763983802,0.0,0.379334139944718,0.3216021793722953,0.24538518289924047,0.746631058125247,0.5894221796391025,0.5279529923933727,0.6737331005229248,0.6806097605130604,0.5850617750438994,0.44550060570630384,0.9762492487245548,0.9552289926387959,0.933262921055807,0.8684068336708356,0.8105148456612197,0.7784813387454306,0.9640633460430874,0.9181179330576864,0.9708575143047176,0.9187145529652635,0.8884814273474203,0.5080676002243678,0.34256234707812944,0.8792087585331118,0.8382364659160983,0.7456075643201173,0.6740810384463973,0.7549772471129097,0.6219324508614701,0.6262554935999102,0.5113593818009453,0.41398223842160475,0.3546322906702828,0.6174424894546142,0.5374424546557692,0.5024515769662491,0.3424972501063542,0.49555071203224915,0.3732745768265707,0.25903497544428444,0.3839449014047911,0.2975660798717691,0.19335537397914207,0.17004767941694487,0.12004035570651847,0.0,0.07204895359041644,0.0,0.0,0.0,0.0,0.19041624152833295,0.29220356011852056,0.00403037913990946,0.10858600042432841,0.15660142898518592,0.18252929108621965,0.07585158187912229,0.07991491816188226,0.035915057135554894,0.025869682190317576,0.0,0.0,0.0,0.0,0.0,0.0,0.0,0.0,0.0,0.0,0.014021059209735051,0.0,0.0,0.0,0.0,0.0,0.0,0.0,0.0,0.0,0.0,0.0,0.0,0.0,0.0,0.0,0.08995461815134664,0.0,0.0,0.0,0.0,0.0,0.0,0.0,0.0,0.0,0.0,0.0,0.0,0.0,0.0,0.0,0.0,0.0,0.0,0.0
21306,0.9848234765552392,0.9860852222671421,0.9825276533895902,0.9981334912903423,0.9901556637110535,0.99579115366556,1.0,0.9960115815954894,0.989329482840523,0.9887079111355755,0.9535328251685548,0.9785638966809288,0.980314558757995,0.9693380891777367,0.8973182577280054,0.7751972773727862,0.5687963307081321,0.3517827296566364,0.10581907490700457,0.0,0.0,0.0,0.0,0.2320333126929042,0.07642157980319551,0.0,0.0,0.0796530779933651,0.23535070204460595,0.6040471704524778,0.43558813810808317,0.4354713108199299,0.6083911045551686,0.6791463743096837,0.8700152575281404,0.6363796544154146,0.43327113170919634,0.38910478193065684,0.5875728495510687,0.253168065186249,0.17521859707429524,0.0,0.0,0.0,0.16960770627118746,0.0,0.0,0.0,0.0,0.0,0.0,0.13349613263640725,0.08384665153379625,0.01972575439437339,0.562445740256438,0.3647393477307199,0.30569975747382244,0.48005174362170977,0.49456824609629896,0.3921523884417324,0.2291221361121012,0.9457569288529845,0.9199059221608709,0.8592138283427658,0.7432474007314855,0.667163726161574,0.6153661753942041,0.9772199316669999,0.951532251267689,0.9611477173974851,0.9031391801069659,0.9102617382383349,0.47499087555060016,0.3220878849846565,0.8352858508890213,0.7434378300981753,0.5977070200935933,0.5007402024070762,0.7043462147666297,0.5421056603349591,0.5697873983726716,0.4677380354897429,0.3357876284049693,0.297284540617378,0.5030724160209524,0.3838252000183954,0.326495380019313,0.17693141175069524,0.30492432283834986,0.16858104600986457,0.05460873450422275,0.19550410912310714,0.11645776638068636,0.010799672217164132,0.0,0.0,0.0,0.0,0.0,0.0,0.0,0.0,0.025537781818894514,0.19050197145396805,0.0,0.0,0.01804471682931147,0.06024844159787762,0.0,0.0,0.0,0.0,0.0,0.0,0.0,0.0,0.0,0.0,0.0,0.0,0.0,0.0,0.0,0.0,0.0,0.0,0.0,0.0,0.0,0.0,0.0,0.0,0.0,0.0,0.0,0.0,0.0,0.0,0.03631627573150619,0.0,0.0,0.0,0.0,0.0,0.0,0.0,0.0,0.0,0.0,0.0,0.0,0.0,0.0,0.0,0.0,0.0,0.0,0.0
21307,0.9857568455464382,0.9568427540917552,0.93120101705941,0.9793892860763579,0.949190325253996,0.9752832569373195,0.9960115815954894,1.0,0.9987719779365137,0.9805764489054818,0.8668195404296716,0.922400910900576,0.939887589053828,0.9465374030967875,0.7767192788453904,0.6089239479027496,0.36173641242493404,0.13613049000143884,0.0,0.0,0.0,0.0,0.0,0.041854061930653524,0.0,0.0,0.0,0.0,0.06216949650624075,0.4256000129800202,0.24534748694409028,0.2643825395994899,0.4554022532639207,0.5270757383712823,0.7841912236870586,0.5087683541258556,0.2803667416641966,0.25083668307762824,0.4711980609905363,0.09259069398957698,0.023456078202683237,0.0,0.0,0.0,0.030425715847741404,0.0,0.0,0.0,0.0,0.0,0.0,0.010097586159026988,0.0,0.0,0.4612003917408609,0.24537148863812905,0.20846790559866046,0.3935717842796081,0.41901351716384194,0.33181936870192025,0.15525122734243021,0.9347020334110662,0.9186841524675572,0.8281828193869937,0.6789661699482042,0.607108654127162,0.5381444363409423,0.9929996359182625,0.9871112957266098,0.9696024402094132,0.9315420446147719,0.9600337156127587,0.5890377012547765,0.4625371685159835,0.8604983144953426,0.73628143333394,0.5579535536862626,0.44725126509841784,0.7609279868539034,0.6031964556323927,0.648857667810528,0.5738391069922263,0.4243144215294448,0.40807064894899964,0.5328428078972504,0.3833797895460905,0.3033080741931647,0.17900270964571094,0.2631037765625977,0.11840128262003344,0.007234601584021803,0.16701124020496289,0.10035385940693164,0.0,0.0,0.0,0.0,0.0,0.0,0.0,0.0,0.0,0.027900717893516832,0.26346035839751675,0.0,0.0,0.04994000221844387,0.11139483604295415,0.03387816673109392,0.06047614304566282,0.043160244867759934,0.048791667225031,0.0,0.0,0.0,0.0,0.0,0.0,0.0,0.0,0.0,0.0,0.0,0.0,0.0,0.0,0.0,0.0,0.0,0.0,0.0,0.019692992012326844,0.0,0.0,0.0,0.0,0.0,0.0,0.15410783944481998,0.03766503231551448,0.013776416302457403,0.0,0.0,0.0,0.0,0.14962620834575704,0.0,0.0,0.0,0.0,0.0,0.0,0.0,0.0,0.0,0.0,0.0,0.0
21308,0.9577975153525989,0.9142563313444081,0.8935738318150497,0.959972709984257,0.9300117665096382,0.9720920423100922,0.989329482840523,0.9987719779365137,1.0,0.9887827264995406,0.8397378451848776,0.9081701001636574,0.9419312747687385,0.9639742718928941,0.762342495544633,0.6062352054105199,0.368278557009606,0.1523650468685039,0.0,0.0,0.0,0.0,0.0,0.08341731993285477,0.0,0.0,0.0,0.0,0.11965108498191912,0.4573481746890048,0.2853925383062181,0.32129395459977883,0.5079760489663293,0.5675200674054969,0.8172146974382699,0.5743158661588372,0.35136844179395166,0.33421273363038656,0.5504963435875618,0.16114994656210987,0.09589525327193123,0.0,0.0,0.0,0.11222260989837593,0.0,0.0,0.0,0.0,0.0,0.0,0.10122161795669143,0.08385032585609282,0.05042653065919907,0.5516356936223807,0.3415893172864196,0.31891488612388835,0.4996457151859421,0.5284656361088599,0.4557094971813321,0.2785675676909305,0.9638255714375412,0.9574661929509912,0.8846550325294646,0.7552576585139775,0.6992451065705835,0.6322508722148176,0.9993956637902991,0.99688103260033,0.989297120752969,0.9710683816813421,0.9861284252551709,0.7215503349557303,0.6113301060121361,0.9247333391864483,0.8249111157179646,0.6670786460724347,0.5643942757920715,0.85652160723336,0.731717236508247,0.7705382524070346,0.7092977087222154,0.5795237743945599,0.5653267261006291,0.667017695931445,0.5262055003480041,0.4441237794851823,0.3325241008396703,0.3986491159053816,0.2525589734653808,0.13895911734501665,0.31014940305909733,0.24778524511795974,0.13317136588200237,0.08255677210974073,0.0,0.0,0.0,0.0,0.0,0.0,0.0,0.1794430647432038,0.42937506372305095,0.0,0.11579352025321049,0.21039639349964465,0.2770316956579324,0.19960014165367562,0.22843663835660938,0.2113340671213643,0.2173739549198547,0.0,0.0,0.0,0.0,0.0,0.0,0.0,0.0,0.0,0.0,0.05324908283062917,0.0,0.0,0.0,0.09416413754856383,0.0,0.0,0.0,0.011197976228158553,0.18670430704943927,0.04511181837165041,0.0,0.0,0.0,0.0,0.0,0.3240422476531351,0.20280149655149096,0.1731274943873647,0.02004237647166876,0.0,0.0,0.0,0.30772453626745305,0.0,0.0,0.0,0.0,0.0,0.0,0.0,0.0,0.0,0.0,0.0,0.0
21309,0.9037654568253932,0.9116218528855703,0.9360253185273126,0.9724015353663312,0.9741635909203757,0.9961898967401509,0.9887079111355755,0.9805764489054818,0.9887827264995406,1.0,0.9379820186098137,0.9742963281152693,0.9930699181238806,0.9986645779349496,0.914569487963386,0.8343588026569936,0.6730104030024753,0.49491511038873515,0.26712228574328756,0.0,0.0,0.006639427380286185,0.0,0.436324903629502,0.2923705189303651,0.08598766235086916,0.0,0.32029408224844114,0.4699651076808506,0.7481043885282995,0.6173809831894623,0.6462161199441628,0.7839910190421187,0.82315235743095,0.9558501662713577,0.8240699017007334,0.6664244283919237,0.6470382788360208,0.8034375981520638,0.5055141079945114,0.44145290693364403,0.24695437553099112,0.08576287144862899,0.21209118745123046,0.45154600480454277,0.23980705882360084,0.104925263219208,0.05501931421328493,0.21091259817780353,0.16358473857555733,0.01879581620542764,0.4325015697309203,0.4013350378159913,0.3502762327447703,0.797014907654776,0.6436258225643755,0.6104012209185607,0.7493360948608881,0.7639639425644401,0.6951534180071662,0.5569490391049687,0.9961985725768435,0.9902546958660163,0.971147122911251,0.9147460192265514,0.876370551507577,0.8409046067089031,0.9903759692982517,0.9659333568258582,0.9964268174073446,0.9780240048966694,0.9586640198053492,0.7122201845317294,0.5751314331535956,0.957739577371033,0.9225795801770392,0.840255588181038,0.7750130114744476,0.8866041891279722,0.7913776657360089,0.7990362852206591,0.714124798705983,0.629579569790445,0.5829637019558854,0.7765854542960507,0.6958662625067247,0.6511576369131444,0.5245249649553009,0.6312173002819549,0.5112855094086193,0.40239223715049377,0.5401694614418687,0.4686751707420748,0.36343214884438846,0.3284808278327769,0.24691017708998217,0.015088092415802015,0.21976216253979192,0.1005492560040851,0.0,0.0,0.06535027150184167,0.37906865408242985,0.5159984292488573,0.18270888462424398,0.3033278713817422,0.36625947865552466,0.4025590224950248,0.30278449492786386,0.3120672074747108,0.27157945779022746,0.2636006501049535,0.03670893654108394,0.0,0.0,0.0,0.0,0.0,0.0,0.0,0.0,0.0,0.21575224640452362,0.11478077910087812,0.0,0.0,0.20697687332904735,0.10833246937972013,0.07054578036035856,0.0,0.08939173276774313,0.20886110311523032,0.037060483897312924,0.012167986901292895,0.0,0.0,0.0,0.0,0.33468324133049476,0.17550742832536229,0.10616865979034819,0.0,0.0,0.0,0.0,0.2072038593042178,0.0,0.0,0.0,0.0,0.0,0.0,0.0,0.0,0.0,0.0,0.0,0.0
21310,0.8554905009001246,0.957391142907955,0.9933117867305387,0.9800454485283807,0.996803201365694,0.983619648054638,0.9535328251685548,0.8668195404296716,0.8397378451848776,0.9379820186098137,1.0,0.998916731152647,0.9889560819669571,0.9457657350073306,0.9967674185060562,0.9717757632693477,0.896155162198009,0.7729819740995466,0.5878325791590523,0.2947124079196166,0.0484795171626174,0.2854029261059198,0.0,0.6426713112469724,0.5037546234409538,0.30549353556661923,0.03455535342840859,0.47158160093322876,0.6050408285306614,0.8799205431328718,0.7825104174143486,0.7462756215989013,0.8434494629409234,0.8943919587692186,0.9482238214133558,0.8220884263949304,0.7082931206863754,0.6424610464950958,0.7610838019691789,0.587896883296498,0.5085116699867144,0.3542966971902306,0.23622498678898357,0.2638908342503932,0.4718070891392218,0.23715186275813188,0.11676913373278797,0.0156385498620795,0.14810043393799782,0.04543256553060469,0.0,0.40241400217551676,0.30571512961805625,0.19297205600232462,0.7097629929428192,0.5806123121643338,0.4796597341644092,0.6068337805193407,0.5959283309101404,0.47057605433554495,0.3575334640087876,0.8873950979126772,0.8319723579426148,0.8409717629768307,0.7974023361401552,0.7187682383593166,0.7073112346131325,0.8114282225983478,0.7019993433865751,0.8427181911674484,0.7238574839318012,0.6419889331824642,0.15736733328766767,0.0,0.6770926160682312,0.673932365873363,0.6113358828716271,0.5530562176175636,0.4807884402949929,0.33175255880642746,0.31353838695509323,0.16878457784118864,0.09533782959945401,0.019029771078941438,0.3684879443479322,0.32806451574993667,0.32689673173252204,0.13430280675230113,0.3498161889843226,0.2468479676397949,0.1380797676544732,0.22012956329018,0.11981633166630279,0.031721906882467815,0.03127758302262836,0.03803876621723107,0.0,0.0,0.0,0.0,0.0,0.0,0.0,0.0003117517687863513,0.0,0.0,0.0,0.0,0.0,0.0,0.0,0.0,0.0,0.0,0.0,0.0,0.0,0.0,0.0,0.0,0.0,0.0,0.0,0.0,0.0,0.0,0.0,0.0,0.0,0.0,0.0,0.0,0.0,0.0,0.0,0.0,0.0,0.0,0.0,0.0,0.0,0.0,0.0,0.0,0.0,0.0,0.0,0.0,0.0,0.0,0.0,0.0,0.0,0.0,0.0,0.0,0.0,0.0
21311,0.8925696218061656,0.9640852888614212,0.9932054021077736,0.9901460849734478,0.9993519232928824,0.9963962246355544,0.9785638966809288,0.922400910900576,0.9081701001636574,0.9742963281152693,0.998916731152647,1.0,0.9978766887320392,0.9768986934710572,0.9925248769193845,0.9576998661875219,0.8629792616286868,0.7240425269446856,0.5230129062139688,0.21567022636374955,0.0,0.22390773827662522,0.0,0.6093453428369615,0.4668409634434064,0.2621866169101424,0.0,0.4503740844592681,0.5897039065516932,0.8664310126893615,0.7610018079143945,0.7405655901586871,0.8470794161554432,0.8943733434900369,0.9641393192956459,0.8412907988224113,0.7172347426295635,0.6633550054993221,0.7915772778359609,0.5860649121390971,0.5100291735170918,0.343241591933026,0.2112210360788123,0.26645659273481986,0.4852405009287158,0.25374907506416866,0.1276634855532039,0.038130441538253616,0.1789014882381815,0.08825762237464649,0.0,0.42830711387417075,0.3473794298531458,0.2484381262646136,0.752619859936634,0.6166158092902344,0.5327429774030918,0.66443867650084,0.6605366890226,0.5487956083634967,0.42684568652666,0.9402372334732456,0.9015812103173203,0.898213278537866,0.8490827148444182,0.7819992113502452,0.7632454780164264,0.8902847768790993,0.8061148284713604,0.9130484079568137,0.8242909058706273,0.7605786441159136,0.3136691993765112,0.13511515426990597,0.7823589215910073,0.7658629403258405,0.6940664666980171,0.6322727923140415,0.6151323970753153,0.47227999983957103,0.4609436378966306,0.32316190861832567,0.24112608032280983,0.1669189854705292,0.4955212008933631,0.44155377168177795,0.4284503942263345,0.2457400098933842,0.4405665707479266,0.3304727504420548,0.21875653290256847,0.31712202148197577,0.22051919771653417,0.12503542177152793,0.11652132678897158,0.10266095392328219,0.0,0.03237992830019421,0.0,0.0,0.0,0.0,0.09907643058833862,0.13499287320566264,0.0,0.013576391380741137,0.03920048672521318,0.04749071985385477,0.0,0.0,0.0,0.0,0.0,0.0,0.0,0.0,0.0,0.0,0.0,0.0,0.0,0.0,0.0,0.0,0.0,0.0,0.0,0.0,0.0,0.0,0.0,0.0,0.0,0.0,0.0,0.0,0.0,0.0,0.0,0.0,0.0,0.0,0.0,0.0,0.0,0.0,0.0,0.0,0.0,0.0,0.0,0.0,0.0,0.0,0.0,0.0,0.0,0.0
21312,0.8728465084870978,0.9332064309375842,0.9739854883449391,0.9814973930981093,0.9944728933085579,0.9987038258371695,0.980314558757995,0.939887589053828,0.9419312747687385,0.9930699181238806,0.9889560819669571,0.9978766887320392,1.0,0.996061747429821,0.9837020194810389,0.9467957595568307,0.8477035802758544,0.7112376136206148,0.5117614175926787,0.2015224720672126,0.0,0.23344968379316286,0.0,0.6327042499129915,0.4978345316327936,0.29463075216250195,0.015131602060327383,0.5019287610646704,0.6371786849036083,0.8787982637432866,0.7807190625315688,0.7819566279414969,0.882347746745908,0.9171319640697438,0.9844764573071084,0.8923152679346453,0.7774083020644532,0.7421352374021641,0.8608271755501072,0.6493614582477433,0.5836391454447157,0.41258770994278926,0.26756189404787983,0.35432806783539206,0.5736749372685302,0.35775467015640194,0.22722885787589384,0.15040283410914593,0.3001604108562265,0.2233234175680714,0.08685690492386439,0.5338063481317485,0.47372404884715047,0.39299161572113656,0.8381725422611503,0.7150254132647443,0.6553004865827795,0.7747037453880521,0.7764677083518206,0.689369562991195,0.5729616093479384,0.9812533962865864,0.9613546759578862,0.958574624290308,0.9214220759468105,0.8757996318135023,0.8562698355895851,0.9378981751762335,0.8725108459236351,0.9633702108705918,0.9103929505593289,0.8517823399234988,0.5045907733587751,0.3316610511020231,0.8869811325668766,0.8755285638697695,0.8157124967810679,0.7621901671757781,0.7643121058987278,0.6497948744761174,0.6385147524989117,0.5150278079187516,0.4421538905468094,0.3689373707498141,0.6683409658395701,0.6163322375847781,0.5980128745356048,0.43592209809465465,0.6018317181780888,0.4955620169645983,0.38754832416063356,0.4931999848855289,0.4049711475215857,0.3073736261017817,0.29242109824339374,0.2599010977011094,0.04977268522412752,0.19961717383083072,0.08256631742471716,0.0,0.0,0.028198300955339678,0.2897652628766946,0.339147098128321,0.10661675700506353,0.20303848176262235,0.2359056542869595,0.247935754614947,0.13175396827150637,0.1272655606290837,0.07336144586692475,0.057454406479626435,0.0,0.0,0.0,0.0,0.0,0.0,0.0,0.0,0.0,0.0,0.09694750494466355,0.02771922308859791,0.0,0.0,0.048095192821597674,0.0,0.0,0.0,0.0,0.0,0.0,0.0,0.0,0.0,0.0,0.0,0.10611998078586347,0.0,0.0,0.0,0.0,0.0,0.0,0.0,0.0,0.0,0.0,0.0,0.0,0.0,0.0,0.0,0.0,0.0,0.0,0.0
21313,0.8336000980988217,0.868812863863193,0.9194825110554798,0.9522266908555536,0.9683714797837321,0.9929022506982098,0.9693380891777367,0.9465374030967875,0.9639742718928941,0.9986645779349496,0.9457657350073306,0.9768986934710572,0.996061747429821,1.0,0.942077990963594,0.8922342027815369,0.7714423591539267,0.6262645657160418,0.42109153025032814,0.11036113326331452,0.0,0.16810807455978688,0.0,0.587361812503396,0.4573436180153008,0.25548145797451804,0.0,0.4871092020790865,0.6218888855559344,0.8423097554750171,0.7412783502113266,0.7694045037248114,0.8747001216095966,0.9005455718564801,0.9845765243070055,0.9047750547920812,0.7875096215565838,0.7723806915893938,0.8902379220226097,0.6545421420175239,0.5991683796859532,0.41958182233500746,0.25895498596922856,0.38633053383367677,0.6081172406599471,0.4121142601167261,0.2789468437092573,0.22522671840773353,0.38112564701305235,0.32963244940997893,0.1833294919355107,0.590062988114369,0.5585695311041232,0.5061595722501325,0.8842746534852322,0.7681877181912041,0.7372625907146305,0.8460191034021385,0.8549021951867786,0.7964671197419426,0.6860448475961791,0.9987340635385613,0.9940323180279129,0.9896596726701137,0.9607991427404392,0.9343413784708251,0.9124731148916592,0.9711741104625717,0.9288178968525919,0.9923422783477037,0.9726971280008483,0.9302000509934294,0.7107847535414876,0.5659573992498312,0.9639920427626241,0.9529638683590913,0.9033221881787296,0.8576710570521332,0.8955363501880851,0.8183855108047788,0.8118008914769689,0.7196341089187895,0.6602991382476942,0.6002332952364244,0.8248213393338754,0.7731740148275454,0.7461075996042569,0.6232247961275226,0.7371637824040443,0.6377755418700044,0.5396544259603034,0.653194502006356,0.5833019974006454,0.4891073808447681,0.4634848679509909,0.40057521328363876,0.1722233275990288,0.36390503466088747,0.24494770493916823,0.08350758214031757,0.0,0.2014021211348655,0.4898956615802385,0.5684470780972128,0.30475878250331756,0.4124250833647558,0.45732984578914515,0.4777758661018304,0.3708127595828074,0.3702380778054632,0.31931110271626434,0.30458685117151213,0.1660269442833822,0.006012422985976102,0.0,0.0,0.0,0.0,0.0,0.0,0.0,0.0,0.3162827121068341,0.23011117137738885,0.07423870860507664,0.0,0.2826031939130938,0.1935704660054687,0.16450956827630364,0.07011129952859937,0.14977471943442666,0.23900790092167398,0.054152305192763955,0.04312793029553293,0.0,0.0,0.0,0.0,0.3564824099361044,0.1817723094125656,0.09405865316918491,0.0,0.0,0.0,0.0,0.1771282905235154,0.0,0.0,0.0,0.0,0.0,0.0,0.0,0.0,0.0,0.0,0.0,0.0
21314,0.7252940679371391,0.881409142302011,0.962438514652557,0.9351140653526437,0.9795706588081932,0.9633002368064029,0.8973182577280053,0.7767192788453904,0.7623424955446328,0.914569487963386,0.9967674185060562,0.9925248769193845,0.9837020194810389,0.942077990963594,1.0,0.9959744210748553,0.9639462928039741,0.8921076052785694,0.7605526411579434,0.5121341571508934,0.2756954940332701,0.5098125852039003,0.0,0.8055802864762429,0.6993877587042711,0.5305066821753045,0.26702744904592685,0.6719077322765148,0.7758617487896162,0.956547394339288,0.9003088413380139,0.8740166955093394,0.9319250046464751,0.9612694974787143,0.9766223980430957,0.9115175533779781,0.8430137075984504,0.7900620385382153,0.8658147209331795,0.7593035461874277,0.6958716879678198,0.5700410446270443,0.4659228675360354,0.4840127252789467,0.6609046188651746,0.45254891981395434,0.3389046065712853,0.22829906723851173,0.3582192519575595,0.2447210665758088,0.12933885909510892,0.5957628649831042,0.4996377720144143,0.382398056422422,0.8216851490831424,0.7339782772831311,0.6402925212882211,0.7347834347535652,0.7191073369078717,0.6061152348065376,0.5208588235826159,0.8867631442521136,0.8339168588356304,0.8746867776189792,0.8658014020478699,0.8044203829103449,0.8065000191558503,0.7458681825507386,0.6127420798295505,0.8152537285426237,0.7019157036602754,0.5751647904815615,0.16208709085154197,0.0,0.6848789666036879,0.726155836056416,0.7055942079884621,0.6690053248150679,0.4952685800376907,0.37294727161490976,0.334896209526877,0.18170213834499682,0.13700326667504942,0.04514367962732087,0.4390671889337184,0.43300318204135413,0.45206928916891714,0.2534009480866214,0.4880493805480919,0.4037042147042423,0.30147917651744843,0.360494895107744,0.25580714565856244,0.1739068079610647,0.1845226592763752,0.21627099009866663,0.04761556159616814,0.11704399554651,0.010091922785707946,0.0,0.0,0.0,0.11775605893938486,0.06190840006263991,0.0,0.025948706131363873,0.02250888171698217,0.007009505299098842,0.0,0.0,0.0,0.0,0.0,0.0,0.0,0.0,0.0,0.0,0.0,0.0,0.0,0.0,0.0,0.0,0.0,0.0,0.0,0.0,0.0,0.0,0.0,0.0,0.0,0.0,0.0,0.0,0.0,0.0,0.0,0.0,0.0,0.0,0.0,0.0,0.0,0.0,0.0,0.0,0.0,0.0,0.0,0.0,0.0,0.0,0.0,0.0,0.0,0.0
21315,0.5217588460787088,0.7413062642711785,0.8840304416725792,0.8317819936621768,0.9216038943268944,0.8970871490704122,0.7751972773727862,0.6089239479027496,0.6062352054105198,0.8343588026569936,0.9717757632693477,0.9576998661875219,0.9467957595568307,0.8922342027815369,0.9959744210748553,1.0,0.9947955970563059,0.9667127262882644,0.8937290846395987,0.7177821022528192,0.5195544700335734,0.7169230485296714,0.2259014748010454,0.9181577978243485,0.8508235920483807,0.7295827351857409,0.509569857874253,0.8257940126551285,0.8933165328252324,0.9904639021699887,0.9676080255252032,0.9478124782103998,0.9728050514258222,0.9874898051849524,0.9748655260660769,0.9507432392832132,0.9211232238546594,0.8784466370690389,0.9145869447903472,0.8752562753115131,0.8296099617292225,0.7449629409370265,0.6707504429861546,0.6668174796426607,0.7953382692015218,0.628059963507729,0.5351122837768051,0.42018095777818903,0.5306279899211792,0.4095389254539076,0.308993690276217,0.7347258889747812,0.6399096841372316,0.5201265656242161,0.8733985565979654,0.8256080085181722,0.7368097237487532,0.7970746207169939,0.774957921189356,0.6708900926031341,0.6189001605266405,0.8280619743413531,0.7696066122423546,0.8515204480810361,0.8775896965326774,0.8264062193498076,0.843163892069654,0.600772073103999,0.4396425536050217,0.7163026972196532,0.5988892454524647,0.4222195118953838,0.08120234422244126,0.0,0.6118064772267995,0.7040834803149086,0.7279984113158439,0.7135665302566646,0.420745802607968,0.32523316624364246,0.2665014798137476,0.10817668093378938,0.09501731395580175,0.0,0.42401021247842546,0.4577494976317433,0.5014778212290952,0.298827467912251,0.5538584076932107,0.4943895038187761,0.4051638041262251,0.4302529751872389,0.32352075963755245,0.2553149738692156,0.2813176843444133,0.348878999574946,0.20455066426163904,0.2299041321235711,0.12671108889813315,0.02373850829158724,0.0,0.03765679008011052,0.1755305487805492,0.04592823250917712,0.037607828995712994,0.07944519663055004,0.0520105169637023,0.017246054260042873,0.0,0.0,0.0,0.0,0.0,0.0,0.0,0.0,0.0,0.0,0.0,0.0,0.0,0.0,0.0,0.0,0.0,0.0,0.0,0.0,0.0,0.0,0.0,0.0,0.0,0.0,0.0,0.0,0.0,0.0,0.0,0.0,0.0,0.0,0.0,0.0,0.0,0.0,0.0,0.0,0.0,0.0,0.0,0.0,0.0,0.0,0.0,0.0,0.0,0.0
21316,0.25542915606171535,0.5259985043323607,0.7340434094926888,0.6479909152927501,0.793440655584342,0.7552180711574243,0.5687963307081321,0.36173641242493404,0.3682785570096058,0.6730104030024753,0.896155162198009,0.8629792616286868,0.8477035802758544,0.7714423591539267,0.9639462928039741,0.9947955970563059,1.0,0.996599711629857,0.9714781025921138,0.8769629960342189,0.7392116278307033,0.8732220873841163,0.4930839506444998,0.9754405098120429,0.9425498066832209,0.8732563343769256,0.721729298074845,0.9191488744444926,0.9539562851387721,0.9965152851834231,0.9919613758394347,0.9755225564432947,0.9788119967837944,0.9869319900184118,0.9359399748279995,0.9489914896495286,0.9493807652604281,0.9112346531476277,0.9140437702396763,0.9336883903778623,0.9028505692400182,0.8594115108672147,0.8210703405611413,0.7899500764228566,0.8677479508661168,0.7424982361454097,0.6769451342108743,0.5608620069594907,0.6420046066746542,0.5141698577222827,0.43927209550586865,0.8093730693689077,0.7130965687008234,0.5888597840645355,0.8687589851997208,0.8562372749750726,0.7654895914700277,0.7940154297184363,0.7627718796193399,0.6606607756484559,0.6432787622593837,0.6920269870609022,0.6240268027761906,0.7598553854905629,0.8302659480293133,0.7830212399723964,0.8180641918066474,0.37241803787621974,0.19448238820701655,0.5317208197922667,0.4098343098112498,0.19388389878261858,0.0,0.0,0.45244820873264185,0.6013140480829058,0.6752806060819943,0.6839570397175945,0.2609379106599877,0.19280567491051406,0.11725008949299913,0.0,0.0,0.0,0.32192510997754736,0.3971711847640217,0.4682084179914251,0.2615791521258129,0.5399228445594202,0.5074666682981386,0.4333907719181462,0.4190029142219305,0.3107847050746334,0.2601215396725828,0.3037510546869915,0.4137934539974722,0.3101561026806738,0.2742753733013855,0.18210365872774137,0.10197915700445769,0.028026237220820295,0.07913999976884661,0.15576242894487857,0.0,0.042946998760755146,0.059429213003402016,0.0070426180017628855,0.0,0.0,0.0,0.0,0.0,0.005013659217830697,0.0,0.0,0.0,0.0,0.0,0.0,0.0,0.0,0.0,0.0,0.0,0.0,0.0,0.0,0.0,0.0,0.0,0.0,0.0,0.0,0.0,0.0,0.0,0.0,0.0,0.0,0.0,0.0,0.0,0.0,0.0,0.0,0.0,0.0,0.0,0.0,0.0,0.0,0.0,0.0,0.0,0.0,0.0,0.0,0.0
21317,0.020452577794335288,0.29648233473045404,0.544172718651846,0.43869720651245525,0.6240795932243556,0.5815537130010107,0.3517827296566364,0.13613049000143884,0.1523650468685039,0.49491511038873515,0.7729819740995466,0.7240425269446856,0.7112376136206148,0.6262645657160418,0.8921076052785694,0.9667127262882644,0.996599711629857,1.0,0.9961837588971603,0.9557552259566523,0.8743642747464229,0.9539546586399977,0.6937482657505318,0.9940762555942019,0.9821145033299424,0.9498026967255387,0.8592089472599393,0.9644411639216341,0.9783658737103603,0.9903497379723261,0.9955778951472446,0.9810014582714892,0.968517901161314,0.9709269282952143,0.8703598818847255,0.929520709239828,0.9550753874911675,0.9205219154973079,0.8954940854519731,0.9591004489165663,0.9394756588527643,0.9242833254984552,0.9106831140215887,0.8675756706122598,0.9063846041770655,0.8181914954120978,0.7769011123461993,0.6682340345321188,0.7217552784091864,0.5950325696991087,0.545315773442936,0.8528063120000361,0.7598557724098934,0.6369791120712718,0.8468990516544233,0.8648570821755949,0.774780511342455,0.7752502291259311,0.7366021855196825,0.6392995383501493,0.6524947899771381,0.5424601889794753,0.4728653135062338,0.6532558730400521,0.7668971771858671,0.7263713284775501,0.7780445687069001,0.16599217766555424,0.0,0.34993931089606767,0.23722914045019902,0.007090085310107051,0.0,0.0,0.3039488186970547,0.496200499312652,0.6144526400734422,0.6443643123956098,0.1252044331683163,0.08301337369276438,0.0,0.0,0.0,0.0,0.23160284428508346,0.33982288127263227,0.4324558001027526,0.22834093688079463,0.5189622131898857,0.5109918076742721,0.4521679383925582,0.4039223754960132,0.2973427474955932,0.26315686509230063,0.32106918557858766,0.4649160246447506,0.4008892344873647,0.31167454428662106,0.2319099557856187,0.17528087718457724,0.11639622221363996,0.11888415176910835,0.13997411715026975,0.0,0.051041631222039044,0.04536834941469129,0.0,0.0,0.0,0.0,0.0,0.0,0.03742949219248847,0.00841413269134178,0.0,0.0,0.0,0.0,0.0,0.0,0.0,0.0,0.0,0.0,0.0,0.0,0.0,0.0,0.0,0.0,0.0,0.0,0.0,0.0,0.0,0.0,0.0,0.0,0.0,0.0,0.0,0.0,0.0,0.0,0.0,0.0,0.0,0.0,0.0,0.0,0.0,0.0,0.0,0.0,0.0,0.0,0.0,0.0
21318,0.0,0.05064124204691874,0.30879344295433314,0.19283450745154615,0.3995070921816752,0.3535930604943831,0.10581907490700457,0.0,0.0,0.26712228574328756,0.5878325791590523,0.5230129062139688,0.5117614175926787,0.42109153025032814,0.7605526411579435,0.8937290846395987,0.9714781025921138,0.9961837588971603,1.0,0.9919982508682159,0.9571079772824764,0.9905261993336955,0.8482755933481894,0.9945857504861154,0.993095726364437,0.9839024650160189,0.9430041063252587,0.9775228935800307,0.9777165877343569,0.9586226855636549,0.9832876894560768,0.9624758863426841,0.9253268644359885,0.9191665132818839,0.7461627416017714,0.8680644576062438,0.9289582085041989,0.8917191898879002,0.8314639877338714,0.954405785223779,0.9414560868008945,0.948971858513639,0.9546116599823018,0.8994237865882623,0.9054978421900638,0.8452231049912692,0.8256222652639118,0.7217032149461847,0.7482503376623574,0.6193497850724512,0.5962148658065793,0.8508213536459542,0.7544659877508406,0.6278556206030351,0.7747655314914609,0.8281188360008862,0.731380100267029,0.701937841771779,0.653525616493636,0.558185507674665,0.6033928984350961,0.3366137936753452,0.26874771334395786,0.48499752184791695,0.6443926681320441,0.6103700481098704,0.6816907202230891,0.0,0.0,0.12823679014507103,0.03073845100502321,0.0,0.0,0.0,0.11110423419134056,0.3325741436344138,0.4926433708068097,0.5445754090190127,0.0,0.0,0.0,0.0,0.0,0.0,0.09033274060895509,0.2240667078931536,0.33567023546618713,0.13802675324524752,0.43661325664925366,0.45336081920148896,0.40990165153722513,0.327650111535427,0.22420607444205062,0.206972810444599,0.2782477164807061,0.4564397129074582,0.43568831369635413,0.2898007746251306,0.22487899443570278,0.19599104620740093,0.15720939621727328,0.10456540308285439,0.06902111637340165,0.0,0.0067218455253622595,0.0,0.0,0.0,0.0,0.0,0.0,0.0,0.018619835587490436,0.01871318875798225,0.0,0.0,0.0,0.0,0.0,0.0,0.0,0.0,0.0,0.0,0.0,0.0,0.0,0.0,0.0,0.0,0.0,0.0,0.0,0.0,0.0,0.0,0.0,0.0,0.0,0.0,0.0,0.0,0.0,0.0,0.0,0.0,0.0,0.0,0.0,0.0,0.0,0.0,0.0,0.0,0.0,0.0,0.0,0.0
